27 27 27 27 27 27 27 27 27 27 27 27 27 27 27 27 27 27 27 27 27 39 30 30 30 24 38 27 27 27 27 27 27 27 27 27 27 27 27 27 27 27 27 27 27 27 27 27 27 27 27 27 27 27 27 27 27 27 27 27 27 27 42 30 30 30 24 30 30 30 30 30 30 30 30 30 30 30 30 30 30 30 30 30 30 30 30 30 30 30 30 30 30 30 30 30 30 30 30 30 
27 27 27 27 27 27 27 27 27 27 27 27 27 27 27 27 27 27 27 27 27 39 30 30 30 24 38 27 27 27 27 27 27 27 27 27 27 27 27 27 27 27 27 27 27 27 27 27 27 27 27 27 27 27 27 27 27 27 27 27 27 27 34 42 30 30 24 30 30 30 30 30 30 30 30 30 30 30 30 30 30 30 30 30 30 30 30 30 30 30 30 30 30 30 30 30 30 30 30 30 
27 27 27 27 27 27 27 27 27 27 27 28 27 27 27 27 27 27 27 27 27 34 42 30 30 24 38 27 27 27 27 27 27 27 28 27 27 27 27 27 27 27 27 27 27 27 27 27 27 27 27 27 27 27 27 27 27 27 27 27 27 27 27 39 30 30 24 30 30 30 30 30 30 30 30 30 30 30 30 30 30 30 30 30 30 30 30 30 30 30 30 30 30 30 30 30 30 30 30 30 
27 27 27 27 27 27 27 27 27 27 27 27 27 27 27 27 27 27 27 27 27 27 39 30 30 24 31 36 27 27 27 27 27 27 27 27 27 27 27 27 27 27 27 27 27 27 27 27 27 27 27 27 27 27 27 27 27 27 27 27 27 27 27 39 30 30 24 30 30 30 30 30 30 30 30 30 30 30 30 30 30 30 30 30 30 30 30 30 30 30 30 30 30 30 30 30 30 30 30 30 
27 27 27 27 27 27 27 27 27 27 28 27 27 27 27 27 27 27 28 27 27 27 34 42 30 24 30 31 36 27 27 27 27 27 27 27 27 27 27 27 27 27 27 27 27 27 27 27 27 27 28 27 27 27 27 27 27 27 27 27 27 27 27 39 30 30 24 30 30 30 30 30 30 30 30 30 30 30 30 30 30 30 30 30 30 30 30 30 30 30 30 30 30 30 30 30 30 30 30 30 
27 27 27 27 27 27 27 27 27 27 27 37 32 32 27 27 27 27 27 27 27 27 37 33 30 24 30 30 31 36 27 27 27 27 27 27 27 27 27 27 27 27 27 27 28 27 27 27 27 27 27 27 27 27 27 27 27 27 27 27 27 27 27 39 30 30 24 30 30 30 30 30 30 30 30 30 30 30 30 30 30 30 30 30 30 30 30 30 30 30 30 30 30 30 30 30 30 30 30 30 
27 27 27 28 27 27 27 27 27 27 37 33 30 30 31 32 32 32 27 27 27 28 39 30 30 24 30 30 30 38 27 27 27 28 27 27 27 27 27 27 27 27 27 27 27 27 27 27 27 27 27 27 27 27 28 27 27 27 27 27 27 27 27 39 30 30 24 30 30 30 30 30 30 30 30 30 30 30 30 30 30 30 30 30 30 30 30 30 30 30 30 30 30 30 30 30 30 30 30 30 
27 28 27 27 27 27 27 27 37 32 33 30 30 30 30 30 30 30 31 36 27 27 39 30 30 24 30 30 30 38 27 27 27 27 27 27 27 27 27 27 27 27 27 27 27 27 27 27 27 27 27 27 27 27 27 27 27 27 27 27 27 27 27 39 30 30 24 30 30 30 30 30 30 30 30 30 30 30 30 30 30 30 30 30 30 30 30 30 30 30 30 30 30 30 30 30 30 30 30 30 
27 27 27 27 27 37 32 32 33 30 30 30 30 30 30 30 30 30 30 38 37 32 33 30 30 24 30 30 30 38 27 27 27 27 27 27 27 27 27 27 27 27 27 27 27 27 27 27 27 27 27 27 27 27 27 27 27 27 27 27 27 27 37 33 30 30 24 30 30 30 30 30 30 30 30 30 30 30 30 30 30 30 30 30 30 30 30 30 30 30 30 30 30 30 30 30 30 30 30 30 
27 27 27 27 27 39 30 30 30 30 30 30 30 30 30 30 30 30 30 31 33 30 30 30 30 24 30 30 30 38 27 27 28 27 27 27 27 27 28 27 27 27 27 27 27 27 27 27 27 27 27 27 27 27 27 27 27 27 27 27 27 37 33 30 30 30 24 30 30 30 30 30 30 30 30 30 30 30 30 30 30 30 30 30 30 30 30 30 30 30 30 30 30 30 30 30 30 30 30 30 
27 27 27 27 27 39 30 30 30 30 30 30 25 25 25 30 30 30 30 30 30 30 30 30 30 24 30 30 30 38 27 27 27 27 27 27 27 27 27 27 27 27 27 27 27 27 27 28 27 27 27 27 27 27 27 27 27 27 27 27 27 39 30 30 30 30 24 30 30 30 30 30 30 30 30 30 30 30 30 30 30 30 30 30 30 30 30 30 30 30 30 30 30 30 30 30 30 30 30 30 
27 28 27 27 27 39 30 30 30 30 30 25 30 30 30 25 30 30 30 30 30 30 30 30 30 24 30 30 30 38 27 27 27 27 27 27 27 27 27 27 27 27 27 27 27 27 27 27 27 27 27 27 27 28 27 27 27 27 27 37 32 33 30 30 30 30 24 30 30 30 30 30 30 30 30 30 30 30 30 30 30 30 30 30 30 30 30 30 30 30 30 30 30 30 30 30 30 30 30 30 
27 27 27 27 28 34 42 30 30 30 30 25 29 26 29 25 30 30 30 30 30 30 30 30 30 24 30 30 30 38 27 27 27 27 27 27 27 27 27 27 27 27 27 27 27 27 27 27 27 27 27 27 27 27 27 27 27 27 37 33 30 30 30 30 30 30 24 30 30 30 30 30 30 30 30 30 30 30 30 30 30 30 30 30 30 30 30 30 30 30 30 30 30 30 30 30 30 30 30 30 
27 27 27 27 27 27 34 42 30 30 30 25 25 25 25 25 30 30 30 30 30 30 30 30 30 24 30 30 30 31 32 36 27 27 27 28 27 27 27 27 27 27 27 28 27 27 27 27 27 27 27 27 27 27 37 32 32 32 33 30 30 30 30 30 30 30 24 30 30 30 30 30 30 30 30 30 30 30 30 30 30 30 30 30 30 30 30 30 30 30 30 30 30 30 30 30 30 30 30 30 
32 32 32 32 32 32 32 33 30 30 30 30 25 25 25 30 30 30 30 30 30 30 30 30 30 24 30 30 30 30 30 31 36 27 27 27 27 27 27 27 27 27 27 27 27 27 27 27 27 37 32 32 32 32 33 30 30 30 30 30 30 30 30 30 30 30 24 30 30 30 30 30 30 30 30 30 30 30 30 30 30 30 30 30 30 30 30 30 30 30 30 30 30 30 30 30 30 30 30 30 
30 30 30 30 30 30 30 30 30 30 30 30 30 5 30 30 30 30 30 30 30 30 30 30 30 24 30 30 30 30 30 30 38 27 27 27 27 27 27 27 27 27 27 27 27 27 27 37 32 33 30 30 30 30 30 30 30 30 30 30 30 30 30 30 30 30 24 30 30 30 30 30 30 30 30 30 30 30 30 30 30 30 30 30 30 30 30 30 30 30 30 30 30 30 30 30 30 30 30 30 
30 30 30 30 30 30 30 30 30 30 30 30 30 18 30 30 30 30 30 30 30 30 30 30 30 24 30 30 30 30 30 30 31 32 32 32 32 32 32 32 32 32 32 32 32 32 32 33 30 30 30 30 30 30 30 30 30 30 30 30 30 30 30 30 30 30 24 30 30 30 30 30 30 30 30 30 30 30 30 30 30 30 30 30 30 30 30 30 30 30 30 30 30 30 30 30 30 30 30 30 
19 19 19 19 19 19 19 19 19 19 19 19 19 18 19 19 19 19 19 19 19 19 19 19 19 22 30 30 30 30 30 30 30 30 30 30 30 30 30 30 30 30 30 30 30 30 30 30 30 30 30 30 30 30 30 30 30 30 30 30 30 30 30 30 30 30 24 30 30 30 30 30 30 30 30 30 30 30 30 30 30 30 30 30 30 30 30 30 30 30 30 30 30 30 30 30 30 30 30 30 
30 30 30 30 30 30 30 30 30 30 30 30 26 18 29 30 30 30 30 30 30 30 30 30 30 30 30 30 30 30 30 30 30 30 30 30 30 30 30 30 30 30 30 30 30 30 30 30 30 30 30 30 26 26 26 26 26 26 26 26 30 30 30 30 30 30 24 30 30 30 30 30 30 30 30 30 30 30 30 30 30 30 30 30 30 30 30 30 30 30 30 30 30 30 30 30 30 30 30 30 
30 30 30 30 30 30 30 30 30 30 30 26 25 18 26 26 30 30 30 30 30 30 30 30 30 30 30 30 30 30 30 30 30 30 30 30 30 30 30 30 30 30 30 30 30 30 30 30 30 26 26 26 26 26 26 26 26 26 26 26 26 26 26 30 30 30 24 30 30 30 30 30 30 30 30 30 30 30 30 30 30 30 30 30 30 30 30 30 30 30 30 30 30 30 30 30 30 30 30 30 
30 30 30 30 30 30 30 30 30 30 26 26 26 2 26 25 26 30 30 30 26 26 26 26 26 26 30 30 30 30 30 30 26 26 26 30 30 30 30 30 30 30 30 30 30 30 30 26 26 26 26 26 26 26 26 26 30 26 26 26 26 26 26 26 30 30 24 30 30 30 30 30 30 30 30 30 30 30 30 30 30 30 30 30 30 30 30 30 30 30 30 30 30 30 30 30 30 30 30 30 
30 30 30 30 30 30 30 30 30 30 26 25 26 25 26 26 26 26 26 26 26 26 26 26 26 26 26 26 26 26 26 26 26 26 26 26 26 26 26 26 26 26 30 30 30 26 26 26 26 26 26 26 26 25 26 30 26 25 26 26 26 26 26 26 30 30 24 30 30 30 30 30 30 30 30 30 30 30 30 30 30 30 30 30 30 30 30 30 30 30 30 30 30 30 30 30 30 30 30 30 
30 30 30 30 30 30 30 30 30 30 26 26 26 26 26 26 26 30 30 30 30 26 26 10 11 11 11 11 11 11 11 11 11 11 11 15 15 15 15 15 14 26 26 30 26 26 26 26 26 26 26 26 26 26 26 26 26 26 26 26 26 26 26 26 26 30 24 30 30 30 30 30 26 26 26 26 26 30 30 30 30 30 30 30 30 30 30 30 30 30 30 30 30 30 30 30 30 30 30 30 
30 30 30 30 30 30 30 30 30 30 30 29 26 26 25 26 30 30 30 30 30 30 26 9 7 6 6 6 6 6 7 7 7 7 13 26 26 26 26 26 0 15 17 26 26 26 10 11 14 26 26 26 26 26 26 26 26 29 26 26 26 26 26 26 26 30 24 30 30 30 26 26 26 26 26 26 26 26 26 26 26 26 26 26 26 26 30 30 30 30 30 30 30 30 30 30 30 30 30 30 
30 30 30 30 30 30 30 30 30 30 30 30 26 26 26 30 30 30 30 30 30 30 26 26 26 9 7 7 7 13 26 26 26 26 26 26 26 30 30 30 26 26 9 15 11 11 6 6 6 14 26 26 26 26 26 26 26 26 26 26 26 26 26 26 26 30 24 30 30 26 26 26 26 26 26 26 26 26 26 26 26 26 26 26 26 26 26 26 26 26 30 30 30 30 30 30 30 30 30 30 
30 30 30 30 30 30 30 30 30 30 30 30 25 26 26 30 30 30 40 42 30 30 26 26 26 26 26 26 26 26 26 26 26 26 30 30 30 30 30 30 30 30 26 26 9 7 7 7 7 13 26 26 26 26 26 26 26 26 26 26 26 26 26 26 26 30 24 30 26 26 26 26 26 26 26 26 26 26 26 26 26 26 26 26 26 26 26 26 26 26 26 30 30 30 30 30 30 30 30 30 
30 30 30 30 30 30 30 30 30 30 30 30 26 26 26 30 30 40 35 34 42 30 30 30 30 30 30 30 30 30 30 30 30 30 30 30 30 30 30 30 30 30 30 26 26 26 26 26 26 26 26 26 26 26 26 26 26 26 26 26 26 30 26 26 26 26 24 26 26 26 26 26 26 26 26 26 26 26 26 26 26 26 26 26 26 26 26 26 26 26 26 30 30 30 30 30 30 30 30 30 
30 30 30 30 30 30 30 30 30 30 30 30 26 26 26 30 30 31 36 27 34 41 42 30 30 30 30 30 30 30 30 30 30 30 30 30 30 30 30 30 30 30 30 26 26 26 25 26 26 26 26 26 26 26 26 26 25 26 26 26 26 26 26 26 26 30 24 30 26 26 26 26 26 26 26 26 26 26 26 26 26 26 26 26 30 26 26 26 26 26 26 30 30 30 30 30 30 30 30 30 
30 30 30 30 30 30 30 30 30 30 30 30 25 26 26 29 30 30 38 28 27 27 34 42 30 40 42 30 30 30 30 30 30 30 30 30 30 30 30 30 30 30 30 26 26 26 26 26 26 26 26 25 26 26 26 26 26 26 26 26 26 26 26 26 26 30 24 30 30 26 26 26 26 26 26 26 26 26 26 26 30 30 30 30 30 30 26 26 26 26 26 26 26 30 30 30 30 30 30 30 
30 30 30 30 30 30 30 30 30 30 30 30 26 26 26 30 30 40 35 27 27 27 28 34 41 35 27 41 42 30 30 30 30 30 30 30 30 30 30 30 30 30 30 26 26 26 26 26 30 26 26 26 26 26 26 26 26 26 26 26 26 26 26 26 26 30 24 30 30 30 26 26 26 26 26 26 26 26 30 30 30 30 30 30 30 30 26 26 26 26 26 26 26 26 30 30 30 30 30 30 
30 30 30 30 30 30 30 30 30 30 30 30 26 26 25 30 30 38 27 27 28 27 27 27 27 27 28 27 39 30 30 30 30 30 30 30 30 30 30 30 30 30 30 30 26 26 26 26 26 26 26 30 26 26 26 26 26 26 26 30 26 26 26 26 26 30 24 30 30 30 30 26 26 26 26 26 30 30 30 30 30 30 30 30 30 30 30 30 30 30 26 26 26 26 30 30 30 30 30 30 
30 30 30 30 30 30 30 30 30 30 30 30 25 26 26 30 30 38 27 27 27 27 28 28 28 27 27 37 33 30 30 30 30 30 30 30 30 30 30 30 30 30 30 30 30 30 26 26 26 26 26 26 26 26 26 26 26 26 26 26 26 26 26 26 30 30 24 30 30 30 30 30 30 30 30 30 30 30 30 30 30 30 30 30 30 30 30 30 30 30 26 26 26 26 30 30 30 30 30 30 
30 30 30 30 30 30 30 30 30 30 30 30 26 26 26 30 30 31 36 28 27 27 27 27 27 27 37 33 30 30 30 30 30 30 30 30 30 30 30 30 30 30 30 30 30 30 30 30 26 10 11 11 14 26 26 26 26 26 26 26 26 26 26 30 30 30 24 30 30 30 30 30 30 30 30 30 30 30 30 30 30 30 30 30 30 30 30 30 30 30 26 26 26 26 30 30 30 30 30 30 
30 30 30 30 30 30 30 30 30 30 30 30 26 26 26 30 30 30 31 36 27 27 27 27 28 27 39 30 30 30 30 30 30 30 30 30 30 30 30 30 30 30 30 30 30 30 30 30 30 8 6 6 12 26 26 26 26 26 26 26 26 30 30 30 30 30 24 30 30 30 30 30 30 30 30 30 30 30 30 30 30 30 30 30 30 30 30 30 30 30 26 26 26 26 30 30 30 30 30 30 
30 30 30 30 30 30 30 30 30 30 30 30 30 26 30 30 30 30 30 31 32 36 27 27 27 37 33 30 30 30 30 30 30 30 30 30 30 30 30 30 30 30 30 30 30 30 30 30 30 8 6 6 13 26 30 30 30 30 30 30 30 30 30 30 30 30 24 30 30 30 30 30 30 30 30 30 30 30 30 30 30 30 30 30 30 30 30 30 30 30 26 26 26 26 26 30 30 30 30 30 
30 30 30 30 30 30 30 30 30 30 30 30 30 26 30 30 30 30 30 30 30 31 32 32 32 33 30 30 30 30 30 30 30 30 30 30 30 30 30 30 30 30 30 30 30 30 30 30 30 8 6 12 25 30 30 30 30 30 30 30 30 30 30 30 30 30 24 30 30 30 30 30 30 30 30 30 30 30 30 30 30 30 30 30 30 30 30 30 30 30 26 26 26 26 26 26 30 30 30 30 
30 30 30 30 30 30 30 30 30 30 30 30 30 26 25 30 30 30 30 30 30 30 30 30 30 30 30 30 30 30 30 30 30 30 30 30 30 30 30 30 30 30 30 30 30 30 30 30 30 9 6 12 26 30 30 30 30 30 30 30 30 30 30 30 30 30 24 30 30 30 30 30 30 30 30 30 30 30 30 30 30 30 30 30 30 30 30 30 30 30 26 26 26 26 26 26 30 30 30 30 
30 30 30 30 30 30 30 30 30 30 30 30 26 26 26 30 30 30 30 30 30 30 30 30 30 30 30 30 30 30 30 30 30 30 30 30 30 30 30 30 30 30 30 30 30 30 30 30 30 26 8 12 26 30 30 30 30 30 30 30 30 30 30 30 30 30 24 30 30 30 30 30 30 30 30 30 30 30 30 30 30 30 30 30 30 30 30 30 30 30 26 26 26 26 26 26 30 30 30 30 
30 30 30 30 30 30 30 30 30 30 30 30 26 25 26 30 30 30 30 30 30 30 30 30 30 30 30 30 30 30 30 30 30 30 21 19 19 19 19 19 19 19 19 19 19 19 19 19 19 23 8 12 21 19 19 19 19 19 19 19 19 19 19 19 19 23 24 30 30 30 30 30 30 30 30 30 30 30 30 30 30 30 30 30 30 30 30 30 30 30 26 26 26 26 26 26 30 30 30 30 
30 30 30 30 30 30 30 30 30 30 30 30 26 26 26 30 30 30 30 30 30 30 30 30 30 30 30 30 30 30 30 30 30 30 20 19 19 19 19 19 19 19 19 19 19 19 19 19 19 22 8 12 20 19 19 19 19 19 19 19 19 19 19 19 19 22 20 19 19 19 19 19 19 19 19 19 30 30 30 30 30 30 30 30 30 30 30 30 30 30 26 26 26 26 26 26 30 30 30 30 
30 30 30 30 30 30 30 30 30 30 30 30 26 26 26 30 30 30 30 30 30 30 30 30 30 30 30 30 30 30 30 30 30 30 30 30 30 30 30 30 30 30 30 30 30 30 30 30 30 26 8 12 26 30 30 30 30 30 30 30 30 30 30 30 30 30 30 30 30 30 30 30 30 30 30 30 30 30 30 30 30 30 30 30 30 30 30 30 30 30 30 26 26 26 30 30 30 30 30 30 
30 30 30 30 30 30 30 30 30 30 30 30 26 25 26 26 30 30 30 30 30 30 30 30 30 30 30 30 30 30 30 30 30 30 30 30 30 30 30 30 30 30 30 30 30 30 30 30 30 30 9 13 26 26 30 30 30 30 30 30 30 30 30 30 30 30 30 30 30 30 30 30 30 30 30 30 30 30 30 30 30 30 30 30 30 30 30 30 30 30 26 26 26 26 26 30 30 30 30 30 
30 30 30 30 30 30 30 30 30 30 30 30 30 26 26 26 30 30 30 30 30 30 30 30 30 30 30 30 30 30 30 30 30 30 30 30 30 30 30 30 30 30 30 30 30 30 30 30 30 30 26 26 26 30 30 30 30 30 30 30 30 30 30 30 30 30 30 30 30 30 30 30 30 30 30 30 30 30 30 30 30 30 30 30 30 30 30 30 30 30 26 26 26 26 26 30 30 30 30 30 
30 30 30 30 30 30 30 30 30 30 30 30 30 30 26 25 30 30 30 30 30 30 30 30 30 30 30 30 30 30 30 30 30 30 30 30 30 30 30 30 30 30 30 30 30 30 30 30 30 29 26 26 26 30 30 30 30 30 30 30 30 30 30 30 30 30 30 30 30 30 30 30 30 30 30 30 30 30 30 30 30 30 30 30 30 30 30 30 30 30 26 26 26 26 30 30 30 30 30 30 
30 30 30 30 30 30 30 30 30 30 30 30 30 30 26 26 30 30 30 30 30 30 30 30 30 30 30 30 30 30 30 30 30 30 30 30 30 30 30 30 30 30 30 30 30 30 30 30 30 26 26 5 26 30 30 30 30 30 30 30 30 30 30 30 30 30 30 30 30 30 30 30 30 30 30 30 30 30 30 30 30 30 30 30 30 30 30 30 26 26 26 26 26 26 30 30 30 30 30 30 
30 30 30 30 30 30 30 30 30 30 30 30 30 26 26 26 30 30 30 30 30 30 30 30 30 30 30 30 30 30 30 30 30 30 30 30 30 30 30 30 30 30 30 30 30 30 30 30 30 26 26 18 26 30 30 30 30 30 30 30 30 30 30 30 30 30 30 30 30 30 30 30 30 30 30 30 30 30 30 30 30 30 30 30 30 30 30 30 26 26 26 26 26 26 26 30 30 30 30 30 
30 30 30 30 30 30 30 30 30 30 30 30 30 26 25 26 30 30 30 30 30 30 30 30 30 30 30 30 30 30 30 30 30 30 30 30 30 30 30 30 30 30 30 30 30 30 30 30 26 26 16 13 29 30 30 30 30 30 30 30 30 30 30 30 30 30 30 30 30 30 30 30 30 30 30 30 30 30 30 30 30 30 30 30 30 30 30 30 26 26 26 26 26 30 26 26 30 30 30 30 
30 30 30 30 30 30 30 30 30 30 30 30 26 26 26 30 30 30 30 30 30 30 30 30 30 30 30 30 30 30 30 30 30 30 30 30 30 30 30 30 30 30 30 30 30 30 30 30 30 26 18 26 30 30 30 30 30 30 30 30 30 30 30 30 30 30 30 30 30 30 30 30 30 30 30 30 30 30 30 30 30 30 30 30 30 30 30 30 26 26 26 26 26 26 30 30 30 30 30 30 
30 30 30 30 30 30 30 30 30 30 30 30 26 25 26 30 30 30 30 30 30 30 30 30 30 30 30 30 30 30 30 30 30 30 30 30 30 30 30 30 30 30 30 30 30 30 30 30 26 26 18 26 30 30 30 30 30 30 30 30 30 30 30 30 30 30 30 30 30 30 30 30 30 30 30 30 30 30 30 30 30 30 30 30 30 30 26 26 26 26 26 26 26 26 30 30 30 30 30 30 
30 30 30 30 30 30 30 30 30 30 30 30 26 26 26 30 30 30 30 30 30 30 30 30 30 30 30 30 30 30 30 30 30 30 30 30 30 30 30 30 30 30 30 30 30 30 30 30 26 26 18 26 30 30 30 30 30 30 30 30 30 30 30 30 30 30 30 30 30 30 30 30 30 30 30 30 30 30 30 30 30 30 30 30 30 30 26 26 26 26 26 26 30 30 30 30 30 30 30 30 
30 30 30 30 30 30 30 30 30 30 30 30 30 26 26 26 30 30 30 30 30 30 30 30 30 30 30 30 30 30 30 30 30 30 30 30 30 30 30 30 30 30 30 30 30 30 30 29 26 16 13 26 30 30 30 30 30 30 30 30 30 30 30 30 30 30 30 30 30 30 30 30 30 30 30 30 30 30 30 30 30 30 30 30 30 30 26 26 26 26 26 26 30 30 30 30 30 30 30 30 
30 30 30 30 30 30 30 30 30 30 30 30 30 26 26 26 30 30 30 30 30 30 30 30 30 30 30 30 30 30 30 30 30 30 30 30 30 30 30 30 30 30 30 30 30 30 30 26 26 18 26 26 30 30 30 30 30 30 30 30 30 30 30 30 30 30 30 30 30 30 30 30 30 30 30 30 30 30 30 30 30 30 30 30 30 26 26 26 26 26 26 30 30 30 30 30 30 30 30 30 
30 30 30 30 30 30 30 30 30 30 30 30 30 26 25 26 26 30 30 30 30 30 30 30 30 30 30 30 30 30 30 30 30 30 30 30 30 30 30 30 30 30 30 30 30 30 30 26 26 18 30 30 30 30 30 30 30 30 30 30 30 30 30 30 30 30 30 30 30 30 30 30 30 30 30 30 30 30 30 30 30 30 30 30 30 26 26 26 26 26 26 30 30 30 30 30 30 30 30 30 
30 30 30 30 30 30 30 30 30 30 30 30 30 26 25 26 26 30 30 30 30 30 30 30 30 30 30 30 30 30 30 30 30 30 30 30 30 30 30 30 30 30 30 30 30 30 30 26 26 18 26 30 30 30 30 30 26 26 26 26 26 26 26 26 26 26 26 26 26 26 30 30 30 30 30 30 30 30 30 30 30 30 30 26 26 26 26 26 26 26 30 30 30 30 30 30 30 30 30 30 
30 30 30 30 30 30 30 30 30 30 30 30 30 26 26 26 26 26 30 30 30 30 30 30 30 30 30 30 30 30 30 30 30 30 30 30 30 30 30 30 30 30 30 30 30 30 30 26 26 18 26 26 10 11 11 11 11 11 11 11 11 14 26 26 26 26 26 26 26 26 30 30 30 30 30 30 26 26 30 26 26 26 26 26 26 26 26 26 26 26 30 30 30 30 30 30 30 30 30 30 
30 30 30 30 30 30 30 30 30 30 30 30 30 26 26 26 26 30 30 30 30 30 30 30 30 30 30 30 30 30 30 30 30 30 30 30 30 30 30 30 30 30 30 30 30 30 30 26 26 18 26 26 9 7 7 7 7 7 7 7 7 13 26 26 26 26 26 26 26 26 26 26 26 30 30 30 26 26 26 26 26 26 26 26 26 26 26 26 26 30 30 30 30 30 30 30 30 30 30 30 
30 30 30 30 30 30 30 30 30 30 26 26 26 26 25 26 26 30 30 30 30 30 30 30 30 30 30 30 30 30 30 30 30 30 30 30 30 30 30 30 30 30 30 30 30 30 30 26 16 1 26 30 30 30 30 30 30 30 30 30 30 30 30 30 30 30 30 30 26 26 26 26 26 26 26 26 26 26 26 26 26 26 26 26 26 26 26 30 30 30 30 30 30 30 30 30 30 30 30 30 
30 30 30 30 30 30 30 30 30 30 26 25 26 26 26 26 30 30 30 30 30 30 30 30 30 30 30 30 30 30 30 30 30 30 30 30 30 30 30 30 30 30 30 30 30 30 26 26 18 26 30 30 30 30 30 30 30 30 30 30 30 30 30 30 30 30 30 30 30 30 26 26 26 26 26 26 26 26 26 26 26 26 26 26 26 30 30 30 30 30 30 30 30 30 30 30 30 30 30 30 
30 30 30 30 30 30 30 30 30 30 26 26 25 26 26 30 30 30 30 30 30 30 30 30 30 30 30 30 30 30 30 30 30 30 30 30 30 30 30 30 30 30 30 30 30 26 3 15 1 26 30 30 30 30 30 30 30 30 30 30 30 30 30 30 30 30 30 30 30 30 30 30 30 26 26 26 26 26 26 26 26 30 30 30 30 30 30 30 30 30 30 30 30 30 30 30 30 30 30 30 
30 30 30 30 30 30 30 30 30 26 25 26 26 26 30 30 30 30 30 30 30 30 30 30 30 30 30 30 30 30 30 30 30 30 30 30 30 30 30 30 30 30 30 30 30 26 26 26 26 30 30 30 30 30 30 30 30 30 30 30 30 30 30 30 30 30 30 30 30 30 30 30 30 30 30 30 30 30 30 30 30 30 30 30 30 30 30 30 30 30 30 30 30 30 30 30 30 30 30 30 
30 30 30 30 30 30 30 30 30 26 26 26 26 26 30 30 30 30 30 30 30 30 30 30 30 30 30 30 30 30 30 30 30 30 30 30 30 30 30 30 30 30 30 30 26 26 26 26 30 30 30 30 30 30 30 30 30 30 30 30 30 30 30 30 30 30 30 30 30 30 30 30 30 30 30 30 30 30 30 30 30 30 30 30 30 30 30 30 30 30 30 30 30 30 30 30 30 30 30 30 
30 30 30 30 30 30 30 30 26 26 26 25 26 26 26 30 30 30 30 30 30 30 30 30 30 30 30 30 30 30 30 30 30 30 30 30 30 30 30 30 30 30 30 30 26 26 26 26 30 30 30 30 30 30 30 30 30 30 30 30 30 30 30 30 30 30 30 30 30 30 30 30 30 30 30 30 30 30 30 30 30 30 30 30 30 30 30 30 30 30 30 30 30 30 30 30 30 30 30 30 
30 30 30 30 30 30 30 30 30 26 26 26 26 25 26 25 30 30 30 30 30 30 30 30 30 30 30 30 30 30 30 30 30 30 30 30 30 30 30 30 30 30 26 26 26 26 26 30 30 30 30 30 30 30 30 30 30 30 30 30 30 30 30 30 30 30 30 30 30 30 30 30 30 30 30 30 30 30 30 30 30 30 30 30 30 30 30 30 30 30 30 30 30 30 30 30 30 30 30 30 
30 30 30 30 30 30 30 30 30 30 26 26 26 26 26 26 30 30 30 30 30 30 30 30 30 30 30 30 30 30 30 30 30 30 30 30 30 30 30 30 30 30 26 26 26 26 26 30 30 30 30 30 30 30 30 30 30 30 30 30 30 30 30 30 30 30 30 30 30 30 30 30 30 30 30 30 30 30 30 30 30 30 30 30 30 30 30 30 30 30 30 30 30 30 30 30 30 30 30 30 
30 30 30 30 30 30 30 30 30 30 30 30 26 26 26 26 26 30 30 30 30 30 30 30 30 30 30 30 30 30 30 30 30 30 30 30 30 30 30 30 30 26 26 26 26 26 30 30 30 30 30 30 30 30 30 30 30 30 30 30 30 30 30 30 30 30 30 30 30 30 30 30 30 30 30 30 30 30 30 30 30 30 30 30 30 30 30 30 30 30 30 30 30 30 30 30 30 30 30 30 
30 30 30 30 30 30 30 30 30 30 30 30 26 26 26 26 26 30 30 30 30 30 30 30 30 30 30 30 30 30 30 30 30 30 30 30 30 30 30 30 30 30 30 30 26 30 30 30 30 30 30 30 30 30 30 30 30 30 30 30 30 30 30 30 30 30 30 30 30 30 30 30 30 30 30 30 30 30 30 30 30 30 30 30 30 30 30 30 30 30 30 30 30 30 30 30 30 30 30 30 
30 30 30 30 30 30 30 30 30 30 30 30 30 26 26 26 26 26 30 30 30 30 30 30 30 30 30 30 30 30 30 30 30 30 30 30 30 30 30 30 30 30 30 30 26 30 30 30 30 30 30 30 30 30 30 30 30 30 30 30 30 30 30 30 30 30 30 30 30 30 30 30 30 30 30 30 30 30 30 30 30 30 30 30 30 30 30 30 30 30 30 30 30 30 30 30 30 30 30 30 
30 30 30 30 30 30 30 30 30 30 30 30 30 30 26 26 26 26 30 30 30 30 30 30 30 30 30 30 30 30 30 30 30 30 30 30 30 30 30 30 30 30 30 30 30 30 30 30 30 30 30 30 30 30 30 30 30 30 30 30 30 30 30 30 30 30 30 30 30 30 30 30 30 30 30 30 30 30 30 30 30 30 30 30 30 30 30 30 30 30 30 30 30 30 30 30 30 30 30 30 
30 30 30 30 30 30 30 30 30 30 30 30 30 30 26 26 26 26 30 30 30 30 30 30 30 30 30 30 30 30 30 30 30 30 30 30 30 30 30 30 30 30 30 30 30 30 30 30 30 30 30 30 30 30 30 30 30 30 30 30 30 30 30 30 30 30 30 30 30 30 30 30 30 30 30 30 30 30 30 30 30 30 30 30 30 30 30 30 30 30 30 30 30 30 30 30 30 30 30 30 
30 30 30 30 30 30 30 30 30 30 30 30 30 26 26 26 26 26 30 30 30 30 30 30 30 30 30 30 30 30 30 30 30 30 30 30 30 30 30 30 30 30 30 30 30 30 30 30 30 30 30 30 30 30 30 30 30 30 30 30 30 30 30 30 30 30 30 30 30 30 30 30 30 30 30 30 30 30 30 30 30 30 30 30 30 30 30 30 30 30 30 30 30 30 30 30 30 30 30 30 
30 30 30 30 30 30 30 30 30 30 30 30 30 26 26 25 26 26 26 30 30 30 30 30 30 30 30 30 30 30 30 30 30 30 30 30 30 30 30 30 30 30 30 30 30 30 30 30 30 30 30 30 30 30 30 30 30 30 30 30 30 30 30 30 30 30 30 30 30 30 30 30 30 30 30 30 30 30 30 30 30 30 30 30 30 30 30 30 30 30 30 30 30 30 30 30 30 30 30 30 
30 30 30 30 30 30 30 40 41 41 41 41 42 30 26 26 26 26 26 40 41 41 41 41 41 42 30 30 30 30 30 30 30 30 30 30 30 30 30 30 30 30 30 30 30 30 30 30 30 30 30 30 30 30 30 30 30 30 30 30 30 30 30 30 30 30 30 30 30 30 30 30 30 30 30 30 30 30 30 30 30 30 30 30 30 30 30 30 30 30 30 30 30 30 30 30 30 30 30 30 
30 30 30 30 30 40 41 35 27 27 27 27 39 30 26 26 26 26 26 38 27 27 27 27 27 27 41 41 42 30 30 30 30 30 30 30 30 30 30 30 30 30 30 30 30 30 30 30 30 30 30 30 30 30 30 30 30 30 30 30 30 30 30 30 30 30 30 30 30 30 30 30 30 30 30 30 30 30 30 30 30 30 30 30 30 30 30 30 30 30 30 30 30 30 30 30 30 30 30 30 
30 30 26 40 41 35 27 27 27 27 28 27 39 30 26 26 26 26 30 31 36 27 27 27 28 27 27 27 27 41 42 30 30 30 30 30 30 30 30 30 30 30 30 30 30 30 30 30 30 30 30 30 30 30 30 30 30 30 30 30 30 30 30 30 30 30 30 30 30 30 30 30 30 30 30 30 30 30 30 30 30 30 30 30 26 26 26 26 26 26 26 30 30 30 30 30 30 30 30 30 
30 30 30 38 27 27 27 27 28 27 27 27 34 42 26 26 26 26 30 30 38 27 28 27 27 27 27 27 27 27 27 42 30 30 30 30 30 30 30 30 30 30 30 30 30 30 30 30 30 30 30 30 30 30 30 30 30 30 30 30 30 30 30 30 30 30 30 30 30 30 30 30 30 30 30 30 30 30 30 30 30 30 26 26 26 26 25 26 26 26 26 26 26 30 30 30 30 30 30 30 
30 30 30 31 36 27 27 27 27 27 27 27 37 33 30 26 26 26 26 26 31 36 27 27 27 28 27 27 28 27 27 27 41 41 41 42 30 30 30 30 30 30 30 30 30 30 30 30 30 30 30 30 30 30 30 30 30 30 30 30 30 30 30 30 30 30 30 30 30 30 30 30 30 30 30 30 30 30 30 30 30 26 26 26 26 26 26 26 26 26 26 26 26 26 30 30 30 30 30 30 
30 30 30 30 38 27 28 27 27 27 27 37 33 29 26 26 26 26 26 26 30 38 27 28 27 27 27 27 27 27 27 28 27 27 27 39 30 30 30 30 30 30 30 30 30 30 30 30 30 30 30 30 30 30 30 30 30 30 30 30 30 30 30 30 30 30 30 30 30 30 30 30 30 30 30 30 30 30 30 30 26 26 26 26 26 26 26 26 26 26 26 26 26 26 26 30 30 30 30 30 
30 30 30 30 31 36 27 27 27 28 37 33 29 29 26 26 25 26 26 26 30 38 27 27 27 28 27 27 28 27 27 27 27 27 27 39 30 30 30 30 30 30 30 30 30 30 30 30 30 30 30 30 30 30 30 30 30 30 30 30 30 30 30 30 30 30 26 26 26 30 30 30 30 30 30 30 30 30 30 26 26 26 26 25 26 26 26 26 26 26 26 26 26 26 26 26 30 30 30 30 
30 30 30 30 30 38 27 27 27 27 39 29 30 30 26 26 26 26 26 26 26 31 32 36 27 27 27 27 27 27 37 32 32 32 32 33 30 26 26 26 26 26 26 26 26 26 26 26 26 26 26 26 26 26 26 26 25 26 26 26 30 30 30 26 26 26 26 26 26 26 26 26 30 30 30 30 30 30 26 26 26 26 26 26 26 26 26 26 26 25 26 26 26 26 26 26 26 30 30 30 
30 30 30 30 30 31 36 28 27 27 39 30 26 26 26 25 26 26 26 26 26 26 26 31 32 32 32 32 32 32 33 30 26 26 26 25 26 26 26 25 26 26 26 26 25 26 26 26 26 25 26 26 26 26 26 26 26 26 26 26 26 26 26 26 25 26 26 26 26 26 26 26 26 26 26 26 26 26 26 26 26 26 26 26 26 26 26 26 26 26 26 26 26 26 26 25 26 30 30 30 
30 30 30 30 30 30 38 27 27 27 39 29 30 30 26 26 26 26 26 25 26 26 26 26 26 26 26 26 26 26 25 26 25 26 25 26 25 26 26 26 26 26 26 26 26 26 26 26 26 26 26 26 26 26 26 26 26 26 26 26 26 26 26 26 26 26 26 26 26 26 26 26 30 30 30 30 30 30 26 26 26 26 26 26 26 25 26 26 26 26 26 26 26 26 26 26 26 26 30 30 
30 30 30 30 30 30 38 27 27 27 34 42 29 29 26 26 25 26 26 26 26 25 26 26 26 26 25 26 25 26 26 26 26 26 26 30 26 26 26 25 26 25 26 26 26 26 26 25 26 26 26 26 26 26 26 26 26 26 26 26 26 25 26 26 26 26 30 30 30 30 30 30 30 30 30 30 30 30 26 26 26 26 26 26 26 26 26 26 26 26 26 26 26 26 26 26 26 30 30 30 
30 30 30 30 30 30 38 27 27 28 27 34 41 42 26 29 26 26 26 26 30 26 26 25 25 26 26 26 26 26 26 30 40 41 41 42 30 30 30 26 26 26 26 26 26 26 26 26 26 26 26 30 30 30 30 30 26 26 26 26 26 26 26 26 26 30 30 30 30 30 30 30 30 30 30 30 30 30 30 26 26 25 26 26 26 26 26 26 26 26 26 26 26 26 26 30 30 30 30 30 
30 30 30 30 30 30 31 36 27 27 27 27 27 34 41 41 41 41 41 41 42 30 26 26 26 26 26 26 26 30 26 40 35 27 27 39 30 30 30 30 30 30 30 30 26 26 26 26 26 30 30 30 30 30 30 30 30 30 30 26 26 26 26 30 30 30 30 30 30 30 30 30 30 30 30 30 30 30 30 30 26 26 26 26 26 26 26 26 26 26 26 26 26 26 26 30 30 30 30 30 
30 30 30 30 30 30 30 31 32 36 27 27 28 27 27 27 27 27 27 27 34 41 41 41 41 41 41 41 41 41 41 35 28 27 27 39 30 30 30 30 30 30 30 30 30 30 30 30 30 30 30 30 30 30 30 30 30 30 30 30 30 30 30 30 30 30 30 30 30 30 30 30 30 30 30 30 30 30 30 30 30 26 26 26 26 26 26 26 26 26 26 26 26 26 30 30 30 30 30 30 
30 30 30 30 30 30 30 30 30 31 32 36 27 27 27 28 27 27 27 28 27 27 27 27 27 27 27 28 27 27 27 27 27 27 27 39 30 30 30 30 30 30 30 30 30 30 30 30 30 30 30 30 30 30 30 30 30 30 30 30 30 30 30 30 30 30 30 30 30 30 30 30 30 30 30 30 30 30 30 30 30 30 26 26 26 26 26 26 26 25 26 26 26 30 30 30 30 30 30 30 
30 30 30 30 30 30 30 30 30 30 30 31 32 36 27 27 27 27 27 27 27 27 27 28 27 27 27 27 27 28 27 27 27 28 27 39 30 30 30 30 30 30 30 30 30 30 30 30 30 30 30 30 30 30 30 30 30 30 30 30 30 30 30 30 30 30 30 30 30 30 30 30 30 30 30 30 30 30 30 30 30 30 30 30 26 26 26 26 26 26 26 26 30 30 30 30 30 30 30 30 
30 30 30 30 30 30 30 30 30 30 30 30 30 31 32 36 27 27 28 27 27 27 27 28 27 27 28 27 27 27 27 27 27 27 27 39 30 30 30 30 30 30 30 30 30 30 30 30 30 30 30 30 30 30 30 30 30 30 30 30 30 30 30 30 30 30 30 30 30 30 30 30 30 30 30 30 30 30 30 30 30 30 30 30 30 30 30 30 30 30 30 30 30 30 30 30 30 30 30 30 
30 30 30 30 30 30 30 30 30 30 30 30 30 30 30 31 32 32 32 27 27 27 27 27 27 27 28 27 27 27 27 32 32 32 32 33 30 30 30 30 30 30 30 30 30 30 30 30 30 30 30 30 30 30 30 30 30 30 30 30 30 30 30 30 30 30 30 30 30 30 30 30 30 30 30 30 30 30 30 30 30 30 30 30 30 30 30 30 30 30 30 30 30 30 30 30 30 30 30 30 
30 30 30 30 30 30 30 30 30 30 30 30 30 30 30 30 30 30 30 31 32 32 36 27 27 27 27 27 32 32 33 30 30 30 30 30 30 30 30 30 30 30 30 30 30 30 30 30 30 30 30 30 30 30 30 30 30 30 30 30 30 30 30 30 30 30 30 30 30 30 30 30 30 30 30 30 30 30 30 30 30 30 30 30 30 30 30 30 30 30 30 30 30 30 30 30 30 30 30 30 
30 30 30 30 30 30 30 30 30 30 30 30 30 30 30 30 30 30 30 30 30 30 31 32 32 32 32 33 30 30 30 30 30 30 30 30 30 30 30 30 30 30 30 30 30 30 30 30 30 30 30 30 30 30 30 30 30 30 30 30 30 30 30 30 30 30 30 30 30 30 30 30 30 30 30 30 30 30 30 30 30 30 30 30 30 30 30 30 30 30 30 30 30 30 30 30 30 30 30 30 
30 30 30 30 30 30 30 30 30 30 30 30 30 30 30 30 30 30 30 30 30 30 30 30 30 30 30 30 30 30 30 30 30 30 30 30 30 30 30 30 30 30 30 30 30 30 30 30 30 30 30 30 30 30 30 30 30 30 30 30 30 30 30 30 30 30 30 30 30 30 30 30 30 30 30 30 30 30 30 30 30 30 30 30 30 30 30 30 30 30 30 30 30 30 30 30 30 30 30 30 
30 30 30 30 30 30 30 30 30 30 30 30 30 30 30 30 30 30 30 30 30 30 30 30 30 30 30 30 30 30 30 30 30 30 30 30 30 30 30 30 30 30 30 30 30 30 30 30 30 30 30 30 30 30 30 30 30 30 30 30 30 30 30 30 30 30 30 30 30 30 30 30 30 30 30 30 30 30 30 30 30 30 30 30 30 30 30 30 30 30 30 30 30 30 30 30 30 30 30 30 
30 30 30 30 30 30 30 30 30 30 30 30 30 30 30 30 30 30 30 30 30 30 30 30 30 30 30 30 30 30 30 30 30 30 30 30 30 30 30 30 30 30 30 30 30 30 30 30 30 30 30 30 30 30 30 30 30 30 30 30 30 30 30 30 30 30 30 30 30 30 30 30 30 30 30 30 30 30 30 30 30 30 30 30 30 30 30 30 30 30 30 30 30 30 30 30 30 30 30 30 
30 30 30 30 30 30 30 30 30 30 30 30 30 30 30 30 30 30 30 30 30 30 30 30 30 30 30 30 30 30 30 30 30 30 30 30 30 30 30 30 30 30 30 30 30 30 30 30 30 30 30 30 30 30 30 30 30 30 30 30 30 30 30 30 30 30 30 30 30 30 30 30 30 30 30 30 30 30 30 30 30 30 30 30 30 30 30 30 30 30 30 30 30 30 30 30 30 30 30 30 
30 30 30 30 30 30 30 30 30 30 30 30 30 30 30 30 30 30 30 30 30 30 30 30 30 30 30 30 30 30 30 30 30 30 30 30 30 30 30 30 30 30 30 30 30 30 30 30 30 30 30 30 30 30 30 30 30 30 30 30 30 30 30 30 30 30 30 30 30 30 30 30 30 30 30 30 30 30 30 30 30 30 30 30 30 30 30 30 30 30 30 30 30 30 30 30 30 30 30 30 
30 30 30 30 30 30 30 30 30 30 30 30 30 30 30 30 30 30 30 30 30 30 30 30 30 30 30 30 30 30 30 30 30 30 30 30 30 30 30 30 30 30 30 30 30 30 30 30 30 30 30 30 30 30 30 30 30 30 30 30 30 30 30 30 30 30 30 30 30 30 30 30 30 30 30 30 30 30 30 30 30 30 30 30 30 30 30 30 30 30 30 30 30 30 30 30 30 30 30 30 
30 30 30 30 30 30 30 30 30 30 30 30 30 30 30 30 30 30 30 30 30 30 30 30 30 30 30 30 30 30 30 30 30 30 30 30 30 30 30 30 30 30 30 30 30 30 30 30 30 30 30 30 30 30 30 30 30 30 30 30 30 30 30 30 30 30 30 30 30 30 30 30 30 30 30 30 30 30 30 30 30 30 30 30 30 30 30 30 30 30 30 30 30 30 30 30 30 30 30 30 
30 30 30 30 30 30 30 30 30 30 30 30 30 30 30 30 30 30 30 30 30 30 30 30 30 30 30 30 30 30 30 30 30 30 30 30 30 30 30 30 30 30 30 30 30 30 30 30 30 30 30 30 30 30 30 30 30 30 30 30 30 30 30 30 30 30 30 30 30 30 30 30 30 30 30 30 30 30 30 30 30 30 30 30 30 30 30 30 30 30 30 30 30 30 30 30 30 30 30 30 
30 30 30 30 30 30 30 30 30 30 30 30 30 30 30 30 30 30 30 30 30 30 30 30 30 30 30 30 30 30 30 30 30 30 30 30 30 30 30 30 30 30 30 30 30 30 30 30 30 30 30 30 30 30 30 30 30 30 30 30 30 30 30 30 30 30 30 30 30 30 30 30 30 30 30 30 30 30 30 30 30 30 30 30 30 30 30 30 30 30 30 30 30 30 30 30 30 30 30 30 
